corpus_bleu_score = [0.17906381778743846, 0.0671921610514143, 0.02721770851454816, 0.012548891440384515]
sacre_blue_score = {'score': 0.9533752053433739, 'counts': [8699, 666, 160, 30], 'totals': [39866, 37854, 35842, 33830], 'precisions': [21.820599006672353, 1.759391345696624, 0.4464036605100162, 0.08867868755542418], 'bp': 0.8586572119656627, 'sys_len': 39866, 'ref_len': 45941}
rouge_scores = {'rouge-1': {'r': 0.1600187694266834, 'p': 0.16392503807645722, 'f': 0.1531255046250971}, 'rouge-2': {'r': 0.01861582235429315, 'p': 0.01814905714629481, 'f': 0.016454283030233153}, 'rouge-l': {'r': 0.13720340802878392, 'p': 0.1385804943274543, 'f': 0.13012562973428485}}
wer_scores = 1.0634550568916146
cer_scores = 0.8379492556091424
corpus_bleu_score_with_tf = [0.464245269276113, 0.28331418648765827, 0.17338516107024235, 0.10557924373914157]
sacre_blue_score_with_tf = {'score': 6.056646266237242, 'counts': [17753, 4991, 1393, 364], 'totals': [43137, 41125, 39113, 37101], 'precisions': [41.15492500637504, 12.136170212765958, 3.5614757241837753, 0.9811056305759952], 'bp': 0.9370653996893631, 'sys_len': 43137, 'ref_len': 45941}
rouge_scores_with_tf = {'rouge-1': {'r': 0.2893616444790304, 'p': 0.3488764522900816, 'f': 0.3144275847464376}, 'rouge-2': {'r': 0.08404707579581931, 'p': 0.09517192604531702, 'f': 0.08864157987696025}, 'rouge-l': {'r': 0.2732706694973904, 'p': 0.32872947072276415, 'f': 0.2966683718825395}}
wer_scores_with_tf = 0.7610045361242747
cer_scores_with_tf = 0.5917760536800167
